Coordinates of missing points after the comparison between two images 
1294.881958 953.279480 
1297.153809 945.105530 
1300.817383 959.398132 
1304.966675 951.077942 
1308.508545 957.896912 
1309.001465 955.090027 
1451.109131 1148.077148 
1454.075439 1145.109863 
1456.205322 1150.205811 
1475.340820 1146.512451 
1544.031860 1017.084595 
1556.630371 1016.065674 
1558.558472 1011.517273 
1559.854980 987.952881 
1565.270264 985.279663 
1566.092651 1018.620361 
1569.372681 982.965698 
1570.455444 982.943237 
1571.320435 1011.331055 
1573.027710 1004.853027 
1574.694580 985.345154 
1578.344482 988.001465 
1578.498413 1000.196167 
1585.152588 986.635315 
